   0.0000000e+00   0.0000000e+00   0.0000000e+00   0.0000000e+00   0.0000000e+00   0.0000000e+00   0.0000000e+00   0.0000000e+00   0.0000000e+00   0.0000000e+00   0.0000000e+00
   1.0000000e-02   0.0000000e+00   0.0000000e+00   0.0000000e+00   0.0000000e+00   0.0000000e+00   0.0000000e+00   0.0000000e+00   0.0000000e+00   0.0000000e+00   0.0000000e+00
   2.0000000e-02   0.0000000e+00   0.0000000e+00   0.0000000e+00   0.0000000e+00   0.0000000e+00   0.0000000e+00   0.0000000e+00   0.0000000e+00   0.0000000e+00   0.0000000e+00
   3.0000000e-02   0.0000000e+00   0.0000000e+00   0.0000000e+00   0.0000000e+00   0.0000000e+00   0.0000000e+00   0.0000000e+00   0.0000000e+00   0.0000000e+00   0.0000000e+00
   4.0000000e-02   0.0000000e+00   0.0000000e+00   0.0000000e+00   0.0000000e+00   0.0000000e+00   0.0000000e+00   0.0000000e+00   0.0000000e+00   0.0000000e+00   0.0000000e+00
   5.0000000e-02   0.0000000e+00   0.0000000e+00   0.0000000e+00   0.0000000e+00   0.0000000e+00   0.0000000e+00   0.0000000e+00   0.0000000e+00   0.0000000e+00   0.0000000e+00
   6.0000000e-02   0.0000000e+00   0.0000000e+00   0.0000000e+00   0.0000000e+00   0.0000000e+00   0.0000000e+00   0.0000000e+00   0.0000000e+00   0.0000000e+00   0.0000000e+00
   7.0000000e-02   0.0000000e+00   0.0000000e+00   0.0000000e+00   0.0000000e+00   0.0000000e+00   0.0000000e+00   0.0000000e+00   0.0000000e+00   0.0000000e+00   0.0000000e+00
   8.0000000e-02   0.0000000e+00   0.0000000e+00   0.0000000e+00   0.0000000e+00   0.0000000e+00   0.0000000e+00   0.0000000e+00   0.0000000e+00   0.0000000e+00   0.0000000e+00
   9.0000000e-02   0.0000000e+00   0.0000000e+00   0.0000000e+00   0.0000000e+00   0.0000000e+00   0.0000000e+00   0.0000000e+00   0.0000000e+00   0.0000000e+00   0.0000000e+00
   1.0000000e-01   0.0000000e+00   0.0000000e+00   0.0000000e+00   0.0000000e+00   0.0000000e+00   0.0000000e+00   0.0000000e+00   0.0000000e+00   0.0000000e+00   0.0000000e+00
   1.1000000e-01   0.0000000e+00   0.0000000e+00   0.0000000e+00   0.0000000e+00   0.0000000e+00   0.0000000e+00   0.0000000e+00   0.0000000e+00   0.0000000e+00   0.0000000e+00
   1.2000000e-01   0.0000000e+00   0.0000000e+00   0.0000000e+00   0.0000000e+00   0.0000000e+00   0.0000000e+00   0.0000000e+00   0.0000000e+00   0.0000000e+00   0.0000000e+00
   1.3000000e-01   0.0000000e+00   0.0000000e+00   0.0000000e+00   0.0000000e+00   0.0000000e+00   0.0000000e+00   0.0000000e+00   0.0000000e+00   0.0000000e+00   0.0000000e+00
   1.4000000e-01   0.0000000e+00   0.0000000e+00   0.0000000e+00   0.0000000e+00   0.0000000e+00   0.0000000e+00   0.0000000e+00   0.0000000e+00   0.0000000e+00   0.0000000e+00
   1.5000000e-01   0.0000000e+00   0.0000000e+00   0.0000000e+00   0.0000000e+00   0.0000000e+00   0.0000000e+00   0.0000000e+00   0.0000000e+00   0.0000000e+00   0.0000000e+00
   1.6000000e-01   0.0000000e+00   0.0000000e+00   0.0000000e+00   0.0000000e+00   0.0000000e+00   0.0000000e+00   0.0000000e+00   0.0000000e+00   0.0000000e+00   0.0000000e+00
   1.7000000e-01   0.0000000e+00   0.0000000e+00   0.0000000e+00   0.0000000e+00   0.0000000e+00   0.0000000e+00   0.0000000e+00   0.0000000e+00   0.0000000e+00   0.0000000e+00
   1.8000000e-01   0.0000000e+00   0.0000000e+00   0.0000000e+00   0.0000000e+00   0.0000000e+00   0.0000000e+00   0.0000000e+00   0.0000000e+00   0.0000000e+00   0.0000000e+00
   1.9000000e-01   0.0000000e+00   0.0000000e+00   0.0000000e+00   0.0000000e+00   0.0000000e+00   0.0000000e+00   0.0000000e+00   0.0000000e+00   0.0000000e+00   0.0000000e+00
   2.0000000e-01   0.0000000e+00   0.0000000e+00   0.0000000e+00   0.0000000e+00   0.0000000e+00   0.0000000e+00   0.0000000e+00   0.0000000e+00   0.0000000e+00   0.0000000e+00
   2.1000000e-01   0.0000000e+00   0.0000000e+00   0.0000000e+00   0.0000000e+00   0.0000000e+00   0.0000000e+00   0.0000000e+00   0.0000000e+00   0.0000000e+00   0.0000000e+00
   2.2000000e-01   0.0000000e+00   0.0000000e+00   0.0000000e+00   0.0000000e+00   0.0000000e+00   0.0000000e+00   0.0000000e+00   0.0000000e+00   0.0000000e+00   0.0000000e+00
   2.3000000e-01   0.0000000e+00   0.0000000e+00   0.0000000e+00   0.0000000e+00   0.0000000e+00   0.0000000e+00   0.0000000e+00   0.0000000e+00   0.0000000e+00   0.0000000e+00
   2.4000000e-01   0.0000000e+00   0.0000000e+00   0.0000000e+00   0.0000000e+00   0.0000000e+00   0.0000000e+00   0.0000000e+00   0.0000000e+00   0.0000000e+00   0.0000000e+00
   2.5000000e-01   0.0000000e+00   0.0000000e+00   0.0000000e+00   0.0000000e+00   0.0000000e+00   0.0000000e+00   0.0000000e+00   0.0000000e+00   0.0000000e+00   0.0000000e+00
   2.6000000e-01   0.0000000e+00   0.0000000e+00   0.0000000e+00   0.0000000e+00   0.0000000e+00   0.0000000e+00   0.0000000e+00   0.0000000e+00   0.0000000e+00   0.0000000e+00
   2.7000000e-01   0.0000000e+00   0.0000000e+00   0.0000000e+00   0.0000000e+00   0.0000000e+00   0.0000000e+00   0.0000000e+00   0.0000000e+00   0.0000000e+00   0.0000000e+00
   2.8000000e-01   0.0000000e+00   0.0000000e+00   0.0000000e+00   0.0000000e+00   0.0000000e+00   0.0000000e+00   0.0000000e+00   0.0000000e+00   0.0000000e+00   0.0000000e+00
   2.9000000e-01   0.0000000e+00   0.0000000e+00   0.0000000e+00   0.0000000e+00   0.0000000e+00   0.0000000e+00   0.0000000e+00   0.0000000e+00   0.0000000e+00   0.0000000e+00
   3.0000000e-01   0.0000000e+00   0.0000000e+00   0.0000000e+00   0.0000000e+00   0.0000000e+00   0.0000000e+00   0.0000000e+00   0.0000000e+00   0.0000000e+00   0.0000000e+00
   3.1000000e-01   0.0000000e+00   0.0000000e+00   0.0000000e+00   0.0000000e+00   0.0000000e+00   0.0000000e+00   0.0000000e+00   0.0000000e+00   0.0000000e+00   0.0000000e+00
   3.2000000e-01   0.0000000e+00   0.0000000e+00   0.0000000e+00   0.0000000e+00   0.0000000e+00   0.0000000e+00   0.0000000e+00   0.0000000e+00   0.0000000e+00   0.0000000e+00
   3.3000000e-01   0.0000000e+00   0.0000000e+00   0.0000000e+00   0.0000000e+00   0.0000000e+00   0.0000000e+00   0.0000000e+00   0.0000000e+00   0.0000000e+00   0.0000000e+00
   3.4000000e-01   0.0000000e+00   0.0000000e+00   0.0000000e+00   0.0000000e+00   0.0000000e+00   0.0000000e+00   0.0000000e+00   0.0000000e+00   0.0000000e+00   0.0000000e+00
   3.5000000e-01   0.0000000e+00   0.0000000e+00   0.0000000e+00   0.0000000e+00   0.0000000e+00   0.0000000e+00   0.0000000e+00   0.0000000e+00   0.0000000e+00   0.0000000e+00
   3.6000000e-01   0.0000000e+00   0.0000000e+00   0.0000000e+00   0.0000000e+00   0.0000000e+00   0.0000000e+00   0.0000000e+00   0.0000000e+00   0.0000000e+00   0.0000000e+00
   3.7000000e-01   0.0000000e+00   0.0000000e+00   0.0000000e+00   0.0000000e+00   0.0000000e+00   0.0000000e+00   0.0000000e+00   0.0000000e+00   0.0000000e+00   0.0000000e+00
   3.8000000e-01   0.0000000e+00   0.0000000e+00   0.0000000e+00   0.0000000e+00   0.0000000e+00   0.0000000e+00   0.0000000e+00   0.0000000e+00   0.0000000e+00   0.0000000e+00
   3.9000000e-01   0.0000000e+00   0.0000000e+00   0.0000000e+00   0.0000000e+00   0.0000000e+00   0.0000000e+00   0.0000000e+00   0.0000000e+00   0.0000000e+00   0.0000000e+00
   4.0000000e-01   0.0000000e+00   0.0000000e+00   0.0000000e+00   0.0000000e+00   0.0000000e+00   0.0000000e+00   0.0000000e+00   0.0000000e+00   0.0000000e+00   0.0000000e+00
   4.1000000e-01   0.0000000e+00   0.0000000e+00   0.0000000e+00   0.0000000e+00   0.0000000e+00   0.0000000e+00   0.0000000e+00   0.0000000e+00   0.0000000e+00   0.0000000e+00
   4.2000000e-01   0.0000000e+00   0.0000000e+00   0.0000000e+00   0.0000000e+00   0.0000000e+00   0.0000000e+00   0.0000000e+00   0.0000000e+00   0.0000000e+00   0.0000000e+00
   4.3000000e-01   0.0000000e+00   0.0000000e+00   0.0000000e+00   0.0000000e+00   0.0000000e+00   0.0000000e+00   0.0000000e+00   0.0000000e+00   0.0000000e+00   0.0000000e+00
   4.4000000e-01   0.0000000e+00   0.0000000e+00   0.0000000e+00   0.0000000e+00   0.0000000e+00   0.0000000e+00   0.0000000e+00   0.0000000e+00   0.0000000e+00   0.0000000e+00
   4.5000000e-01   0.0000000e+00   0.0000000e+00   0.0000000e+00   0.0000000e+00   0.0000000e+00   0.0000000e+00   0.0000000e+00   0.0000000e+00   0.0000000e+00   0.0000000e+00
   4.6000000e-01   0.0000000e+00   0.0000000e+00   0.0000000e+00   0.0000000e+00   0.0000000e+00   0.0000000e+00   0.0000000e+00   0.0000000e+00   0.0000000e+00   0.0000000e+00
   4.7000000e-01   0.0000000e+00   0.0000000e+00   0.0000000e+00   0.0000000e+00   0.0000000e+00   0.0000000e+00   0.0000000e+00   0.0000000e+00   0.0000000e+00   0.0000000e+00
   4.8000000e-01   0.0000000e+00   0.0000000e+00   0.0000000e+00   0.0000000e+00   0.0000000e+00   0.0000000e+00   0.0000000e+00   0.0000000e+00   0.0000000e+00   0.0000000e+00
   4.9000000e-01   0.0000000e+00   0.0000000e+00   0.0000000e+00   0.0000000e+00   0.0000000e+00   0.0000000e+00   0.0000000e+00   0.0000000e+00   0.0000000e+00   0.0000000e+00
   5.0000000e-01   0.0000000e+00   0.0000000e+00   0.0000000e+00   0.0000000e+00   0.0000000e+00   0.0000000e+00   0.0000000e+00   0.0000000e+00   0.0000000e+00   0.0000000e+00
   5.1000000e-01   0.0000000e+00   0.0000000e+00   0.0000000e+00   0.0000000e+00   0.0000000e+00   0.0000000e+00   0.0000000e+00   0.0000000e+00   0.0000000e+00   0.0000000e+00
   5.2000000e-01   0.0000000e+00   0.0000000e+00   0.0000000e+00   0.0000000e+00   0.0000000e+00   0.0000000e+00   0.0000000e+00   0.0000000e+00   0.0000000e+00   0.0000000e+00
   5.3000000e-01   0.0000000e+00   0.0000000e+00   0.0000000e+00   0.0000000e+00   0.0000000e+00   0.0000000e+00   0.0000000e+00   0.0000000e+00   0.0000000e+00   0.0000000e+00
   5.4000000e-01   0.0000000e+00   0.0000000e+00   0.0000000e+00   0.0000000e+00   0.0000000e+00   0.0000000e+00   0.0000000e+00   0.0000000e+00   0.0000000e+00   0.0000000e+00
   5.5000000e-01   0.0000000e+00   0.0000000e+00   0.0000000e+00   0.0000000e+00   0.0000000e+00   0.0000000e+00   0.0000000e+00   0.0000000e+00   0.0000000e+00   0.0000000e+00
   5.6000000e-01   0.0000000e+00   0.0000000e+00   0.0000000e+00   0.0000000e+00   0.0000000e+00   0.0000000e+00   0.0000000e+00   0.0000000e+00   0.0000000e+00   0.0000000e+00
   5.7000000e-01   0.0000000e+00   0.0000000e+00   0.0000000e+00   0.0000000e+00   0.0000000e+00   0.0000000e+00   0.0000000e+00   0.0000000e+00   0.0000000e+00   0.0000000e+00
   5.8000000e-01   0.0000000e+00   0.0000000e+00   0.0000000e+00   0.0000000e+00   0.0000000e+00   0.0000000e+00   0.0000000e+00   0.0000000e+00   0.0000000e+00   0.0000000e+00
   5.9000000e-01   0.0000000e+00   0.0000000e+00   0.0000000e+00   0.0000000e+00   0.0000000e+00   0.0000000e+00   0.0000000e+00   0.0000000e+00   0.0000000e+00   0.0000000e+00
   6.0000000e-01   0.0000000e+00   0.0000000e+00   0.0000000e+00   0.0000000e+00   0.0000000e+00   0.0000000e+00   0.0000000e+00   0.0000000e+00   0.0000000e+00   0.0000000e+00
   6.1000000e-01   2.4859283e+02   0.0000000e+00   0.0000000e+00   0.0000000e+00   0.0000000e+00   0.0000000e+00  -0.0000000e+00  -0.0000000e+00  -0.0000000e+00  -0.0000000e+00
   6.2000000e-01   4.4918220e+02   0.0000000e+00   0.0000000e+00   0.0000000e+00   0.0000000e+00   0.0000000e+00  -0.0000000e+00  -0.0000000e+00  -0.0000000e+00  -0.0000000e+00
   6.3000000e-01   6.0913943e+02   0.0000000e+00   0.0000000e+00   0.0000000e+00   0.0000000e+00   3.5732178e+01   0.0000000e+00   0.0000000e+00   0.0000000e+00   0.0000000e+00
   6.4000000e-01   7.3489642e+02   0.0000000e+00   0.0000000e+00   0.0000000e+00   0.0000000e+00   1.5275411e+02   0.0000000e+00   0.0000000e+00   0.0000000e+00   0.0000000e+00
   6.5000000e-01   8.3200000e+02   0.0000000e+00   0.0000000e+00   0.0000000e+00   0.0000000e+00   3.0900000e+02   0.0000000e+00   0.0000000e+00   0.0000000e+00   0.0000000e+00
   6.6000000e-01   9.0521207e+02   0.0000000e+00   0.0000000e+00   0.0000000e+00   0.0000000e+00   4.9647087e+02   0.0000000e+00   0.0000000e+00   0.0000000e+00   0.0000000e+00
   6.7000000e-01   9.5859493e+02   0.0000000e+00   0.0000000e+00   0.0000000e+00   0.0000000e+00   7.0716772e+02   0.0000000e+00   0.0000000e+00   0.0000000e+00   0.0000000e+00
   6.8000000e-01   9.9559054e+02   0.0000000e+00   0.0000000e+00   0.0000000e+00   0.0000000e+00   9.3309158e+02   0.0000000e+00   0.0000000e+00   0.0000000e+00   0.0000000e+00
   6.9000000e-01   1.0190940e+03   0.0000000e+00   0.0000000e+00   0.0000000e+00   0.0000000e+00   1.1662435e+03   0.0000000e+00   0.0000000e+00   0.0000000e+00   0.0000000e+00
   7.0000000e-01   1.0315215e+03   4.4720798e-11   0.0000000e+00   0.0000000e+00   0.0000000e+00   1.3986244e+03   6.0636254e-11   0.0000000e+00   0.0000000e+00   0.0000000e+00
   7.1000000e-01   1.0348726e+03   1.2772683e-06   0.0000000e+00   0.0000000e+00   0.0000000e+00   1.6222353e+03   2.0022076e-06   0.0000000e+00   0.0000000e+00   0.0000000e+00
   7.2000000e-01   1.0307516e+03   3.6211929e-02   0.0000000e+00   0.0000000e+00   0.0000000e+00   1.8290131e+03   6.4256112e-02   0.0000000e+00   0.0000000e+00   0.0000000e+00
   7.3000000e-01   5.1030039e+02   5.1030039e+02   0.0000000e+00   0.0000000e+00   0.0000000e+00   1.0055757e+03   1.0055757e+03   0.0000000e+00   0.0000000e+00   0.0000000e+00
   7.4000000e-01   3.5319539e-02   1.0053503e+03   0.0000000e+00   0.0000000e+00   0.0000000e+00   7.5897650e-02   2.1603828e+03   0.0000000e+00   0.0000000e+00   0.0000000e+00
   7.5000000e-01   1.2169484e-06   9.8600000e+02   0.0000000e+00   0.0000000e+00   0.0000000e+00   2.8004623e-06   2.2690000e+03   0.0000000e+00   0.0000000e+00   0.0000000e+00
   7.6000000e-01   4.1755472e-11   9.6312382e+02   0.0000000e+00   0.0000000e+00   0.0000000e+00   1.0107370e-10   2.3313469e+03   0.0000000e+00   0.0000000e+00   0.0000000e+00
   7.7000000e-01   0.0000000e+00   9.3729331e+02   0.0000000e+00   0.0000000e+00   0.0000000e+00   0.0000000e+00   2.3523529e+03   0.0000000e+00   0.0000000e+00   0.0000000e+00
   7.8000000e-01   0.0000000e+00   9.0893154e+02   0.0000000e+00   0.0000000e+00   0.0000000e+00   0.0000000e+00   2.3394419e+03   0.0000000e+00   0.0000000e+00   0.0000000e+00
   7.9000000e-01   0.0000000e+00   8.7837501e+02   0.0000000e+00   0.0000000e+00   0.0000000e+00   0.0000000e+00   2.3000378e+03   0.0000000e+00   0.0000000e+00   0.0000000e+00
   8.0000000e-01   0.0000000e+00   8.4589666e+02   0.0000000e+00   0.0000000e+00   0.0000000e+00   0.0000000e+00   2.2415647e+03   0.0000000e+00   0.0000000e+00   0.0000000e+00
   8.1000000e-01   0.0000000e+00   8.1172555e+02   0.0000000e+00   0.0000000e+00   0.0000000e+00   0.0000000e+00   2.1714463e+03   0.0000000e+00   0.0000000e+00   0.0000000e+00
   8.2000000e-01   0.0000000e+00   7.7606333e+02   0.0000000e+00   0.0000000e+00   0.0000000e+00   0.0000000e+00   2.0971067e+03   0.0000000e+00   0.0000000e+00   0.0000000e+00
   8.3000000e-01   0.0000000e+00   7.3909774e+02   3.2042998e-11   0.0000000e+00   0.0000000e+00   0.0000000e+00   2.0259699e+03   8.7834321e-11   0.0000000e+00   0.0000000e+00
   8.4000000e-01   0.0000000e+00   7.0101340e+02   8.6521006e-07   0.0000000e+00   0.0000000e+00   0.0000000e+00   1.9654596e+03   2.4258244e-06   0.0000000e+00   0.0000000e+00
   8.5000000e-01   0.0000000e+00   6.6197674e+02   2.3256286e-02   0.0000000e+00   0.0000000e+00   0.0000000e+00   1.9229324e+03   6.7555646e-02   0.0000000e+00   0.0000000e+00
   8.6000000e-01   0.0000000e+00   3.1112905e+02   3.1112905e+02   0.0000000e+00   0.0000000e+00   0.0000000e+00   9.5199222e+02   9.5199222e+02   0.0000000e+00   0.0000000e+00
   8.7000000e-01   0.0000000e+00   2.0445957e-02   5.8198235e+02   0.0000000e+00   0.0000000e+00   0.0000000e+00   6.6947351e-02   1.9056177e+03   0.0000000e+00   0.0000000e+00
   8.8000000e-01   0.0000000e+00   6.6829166e-07   5.4146552e+02   0.0000000e+00   0.0000000e+00   0.0000000e+00   2.3738414e-06   1.9233418e+03   0.0000000e+00   0.0000000e+00
   8.9000000e-01   0.0000000e+00   2.1715859e-11   5.0089390e+02   0.0000000e+00   0.0000000e+00   0.0000000e+00   8.4635964e-11   1.9521972e+03   0.0000000e+00   0.0000000e+00
   9.0000000e-01   0.0000000e+00   0.0000000e+00   4.6055025e+02   0.0000000e+00   0.0000000e+00   0.0000000e+00   0.0000000e+00   1.9874920e+03   0.0000000e+00   0.0000000e+00
   9.1000000e-01   0.0000000e+00   0.0000000e+00   4.2070860e+02   0.0000000e+00   0.0000000e+00   0.0000000e+00   0.0000000e+00   2.0244674e+03   0.0000000e+00   0.0000000e+00
   9.2000000e-01   0.0000000e+00   0.0000000e+00   3.8165064e+02   0.0000000e+00   0.0000000e+00   0.0000000e+00   0.0000000e+00   2.0583647e+03   0.0000000e+00   0.0000000e+00
   9.3000000e-01   0.0000000e+00   0.0000000e+00   3.4366067e+02   0.0000000e+00   0.0000000e+00   0.0000000e+00   0.0000000e+00   2.0844251e+03   0.0000000e+00   0.0000000e+00
   9.4000000e-01   0.0000000e+00   0.0000000e+00   3.0701987e+02   0.0000000e+00   0.0000000e+00   0.0000000e+00   0.0000000e+00   2.0978898e+03   0.0000000e+00   1.1645628e-13
   9.5000000e-01   0.0000000e+00   0.0000000e+00   2.7200000e+02   0.0000000e+00   0.0000000e+00   0.0000000e+00   0.0000000e+00   2.0940000e+03   0.0000000e+00   4.6496140e-13
   9.6000000e-01   0.0000000e+00   0.0000000e+00   2.3885672e+02   1.0355444e-11   0.0000000e+00   0.0000000e+00   0.0000000e+00   2.0693843e+03   8.9716520e-11   4.0205867e-12
   9.7000000e-01   0.0000000e+00   0.0000000e+00   2.0782288e+02   2.5650072e-07   0.0000000e+00   0.0000000e+00   0.0000000e+00   2.0262206e+03   2.5008172e-06   3.3068484e-11
   9.8000000e-01   0.0000000e+00   0.0000000e+00   1.7909548e+02   6.2919061e-03   0.0000000e+00   0.0000000e+00   0.0000000e+00   1.9680048e+03   6.9139107e-02   2.6667937e-10
   9.9000000e-01   0.0000000e+00   0.0000000e+00   7.6430359e+01   7.6430359e+01   0.0000000e+00   0.0000000e+00   0.0000000e+00   9.4925474e+02   9.4925474e+02   2.1358023e-09
   1.0000000e+00   0.0000000e+00   0.0000000e+00   4.5397233e-03   1.2922060e+02   0.0000000e+00   0.0000000e+00   0.0000000e+00   6.3975601e-02   1.8210285e+03   1.7007136e-08
   1.0100000e+00   0.0000000e+00   0.0000000e+00   1.3363382e-07   1.0827324e+02   0.0000000e+00   0.0000000e+00   0.0000000e+00   2.1468008e-06   1.7393881e+03   1.3484575e-07
   1.0200000e+00   0.0000000e+00   0.0000000e+00   3.9032501e-12   9.0031629e+01   0.0000000e+00   0.0000000e+00   0.0000000e+00   7.1836257e-11   1.6569615e+03   1.0663379e-06
   1.0300000e+00   0.0000000e+00   0.0000000e+00   0.0000000e+00   7.4471982e+01   0.0000000e+00   0.0000000e+00   0.0000000e+00   0.0000000e+00   1.5773779e+03   8.4267458e-06
   1.0400000e+00   0.0000000e+00   0.0000000e+00   0.0000000e+00   6.1509032e+01   0.0000000e+00   0.0000000e+00   0.0000000e+00   0.0000000e+00   1.5042023e+03   6.6707113e-05
   1.0500000e+00   0.0000000e+00   0.0000000e+00   0.0000000e+00   5.1000000e+01   0.0000000e+00   0.0000000e+00   0.0000000e+00   0.0000000e+00   1.4410000e+03   5.3048303e-04
   1.0600000e+00   0.0000000e+00   0.0000000e+00   0.0000000e+00   4.2745743e+01   0.0000000e+00   0.0000000e+00   0.0000000e+00   0.0000000e+00   1.3905473e+03   4.2494613e-03
   1.0700000e+00   0.0000000e+00   0.0000000e+00   0.0000000e+00   3.6493778e+01   0.0000000e+00   0.0000000e+00   0.0000000e+00   0.0000000e+00   1.3524651e+03   3.4308858e-02
   1.0800000e+00   0.0000000e+00   0.0000000e+00   0.0000000e+00   3.1943409e+01   0.0000000e+00   0.0000000e+00   0.0000000e+00   0.0000000e+00   1.3255856e+03   2.7909323e-01
   1.0900000e+00   0.0000000e+00   0.0000000e+00   0.0000000e+00   2.8753142e+01   1.2465697e-12   0.0000000e+00   0.0000000e+00   0.0000000e+00   1.3087409e+03   2.2838619e+00
   1.1000000e+00   0.0000000e+00   0.0000000e+00   0.0000000e+00   2.6550604e+01   3.2769487e-08   0.0000000e+00   0.0000000e+00   0.0000000e+00   1.3007630e+03   1.8606197e+01
   1.1100000e+00   0.0000000e+00   0.0000000e+00   0.0000000e+00   2.4944281e+01   8.7633189e-04   0.0000000e+00   0.0000000e+00   0.0000000e+00   1.3004384e+03   1.3981870e+02
   1.1200000e+00   0.0000000e+00   0.0000000e+00   0.0000000e+00   1.1771711e+01   1.1771711e+01   0.0000000e+00   0.0000000e+00   0.0000000e+00   6.5336809e+02   6.5336809e+02
   1.1300000e+00   0.0000000e+00   0.0000000e+00   0.0000000e+00   7.7173980e-04   2.1967128e+01   0.0000000e+00   0.0000000e+00   0.0000000e+00   4.6314137e-02   1.1766118e+03
   1.1400000e+00   0.0000000e+00   0.0000000e+00   0.0000000e+00   2.4535088e-08   1.9878902e+01   0.0000000e+00   0.0000000e+00   0.0000000e+00   1.6466596e-06   1.3150781e+03
   1.1500000e+00   0.0000000e+00   0.0000000e+00   0.0000000e+00   7.3702156e-13   1.7000000e+01   0.0000000e+00   0.0000000e+00   0.0000000e+00   5.8658245e-11   1.3506389e+03
   1.1600000e+00   0.0000000e+00   0.0000000e+00   0.0000000e+00   0.0000000e+00   1.3147176e+01   0.0000000e+00   0.0000000e+00   0.0000000e+00   0.0000000e+00   1.3732943e+03
   1.1700000e+00   0.0000000e+00   0.0000000e+00   0.0000000e+00   0.0000000e+00   8.2618931e+00   0.0000000e+00   0.0000000e+00   0.0000000e+00   0.0000000e+00   1.3941395e+03
   1.1800000e+00   0.0000000e+00   0.0000000e+00   0.0000000e+00   0.0000000e+00   2.4482843e+00   0.0000000e+00   0.0000000e+00   0.0000000e+00   0.0000000e+00   1.4129182e+03
   1.1900000e+00   0.0000000e+00   0.0000000e+00   0.0000000e+00   0.0000000e+00   0.0000000e+00   0.0000000e+00   0.0000000e+00   0.0000000e+00   0.0000000e+00   1.4279745e+03
   1.2000000e+00   0.0000000e+00   0.0000000e+00   0.0000000e+00   0.0000000e+00   0.0000000e+00   0.0000000e+00   0.0000000e+00   0.0000000e+00   0.0000000e+00   1.4374805e+03
   1.2100000e+00   0.0000000e+00   0.0000000e+00   0.0000000e+00   0.0000000e+00   0.0000000e+00   0.0000000e+00   0.0000000e+00   0.0000000e+00   0.0000000e+00   1.4395877e+03
   1.2200000e+00   0.0000000e+00   0.0000000e+00   0.0000000e+00   0.0000000e+00   0.0000000e+00   0.0000000e+00   0.0000000e+00   0.0000000e+00   0.0000000e+00   1.4324447e+03
   1.2300000e+00   0.0000000e+00   0.0000000e+00   0.0000000e+00   0.0000000e+00   0.0000000e+00   0.0000000e+00   0.0000000e+00   0.0000000e+00   0.0000000e+00   1.4142002e+03
   1.2400000e+00   0.0000000e+00   0.0000000e+00   0.0000000e+00   0.0000000e+00   0.0000000e+00   0.0000000e+00   0.0000000e+00   0.0000000e+00   0.0000000e+00   1.3830025e+03
   1.2500000e+00   0.0000000e+00   0.0000000e+00   0.0000000e+00   0.0000000e+00   0.0000000e+00   0.0000000e+00   0.0000000e+00   0.0000000e+00   0.0000000e+00   1.3370000e+03
   1.2600000e+00   0.0000000e+00   0.0000000e+00   0.0000000e+00   0.0000000e+00   0.0000000e+00   0.0000000e+00   0.0000000e+00   0.0000000e+00   0.0000000e+00   1.2752088e+03
   1.2700000e+00   0.0000000e+00   0.0000000e+00   0.0000000e+00   0.0000000e+00   0.0000000e+00   0.0000000e+00   0.0000000e+00   0.0000000e+00   0.0000000e+00   1.2001154e+03
   1.2800000e+00   0.0000000e+00   0.0000000e+00   0.0000000e+00   0.0000000e+00   0.0000000e+00   0.0000000e+00   0.0000000e+00   0.0000000e+00   0.0000000e+00   1.1150741e+03
   1.2900000e+00   0.0000000e+00   0.0000000e+00   0.0000000e+00   0.0000000e+00   0.0000000e+00   0.0000000e+00   0.0000000e+00   0.0000000e+00   0.0000000e+00   1.0234392e+03
   1.3000000e+00   0.0000000e+00   0.0000000e+00   0.0000000e+00   0.0000000e+00   0.0000000e+00   0.0000000e+00   0.0000000e+00   0.0000000e+00   0.0000000e+00   9.2856486e+02
   1.3100000e+00   0.0000000e+00   0.0000000e+00   0.0000000e+00   0.0000000e+00   0.0000000e+00   0.0000000e+00   0.0000000e+00   0.0000000e+00   0.0000000e+00   8.3380532e+02
   1.3200000e+00   0.0000000e+00   0.0000000e+00   0.0000000e+00   0.0000000e+00   0.0000000e+00   0.0000000e+00   0.0000000e+00   0.0000000e+00   0.0000000e+00   7.4251483e+02
   1.3300000e+00   0.0000000e+00   0.0000000e+00   0.0000000e+00   0.0000000e+00   0.0000000e+00   0.0000000e+00   0.0000000e+00   0.0000000e+00   0.0000000e+00   6.5804762e+02
   1.3400000e+00   0.0000000e+00   0.0000000e+00   0.0000000e+00   0.0000000e+00   0.0000000e+00   0.0000000e+00   0.0000000e+00   0.0000000e+00   0.0000000e+00   5.8375793e+02
   1.3500000e+00   0.0000000e+00   0.0000000e+00   0.0000000e+00   0.0000000e+00   0.0000000e+00   0.0000000e+00   0.0000000e+00   0.0000000e+00   0.0000000e+00   5.2300000e+02
   1.3600000e+00   0.0000000e+00   0.0000000e+00   0.0000000e+00   0.0000000e+00   0.0000000e+00   0.0000000e+00   0.0000000e+00   0.0000000e+00   0.0000000e+00   4.7819646e+02
   1.3700000e+00   0.0000000e+00   0.0000000e+00   0.0000000e+00   0.0000000e+00   0.0000000e+00   0.0000000e+00   0.0000000e+00   0.0000000e+00   0.0000000e+00   4.4804355e+02
   1.3800000e+00   0.0000000e+00   0.0000000e+00   0.0000000e+00   0.0000000e+00   0.0000000e+00   0.0000000e+00   0.0000000e+00   0.0000000e+00   0.0000000e+00   4.3030592e+02
   1.3900000e+00   0.0000000e+00   0.0000000e+00   0.0000000e+00   0.0000000e+00   0.0000000e+00   0.0000000e+00   0.0000000e+00   0.0000000e+00   0.0000000e+00   4.2274820e+02
   1.4000000e+00   0.0000000e+00   0.0000000e+00   0.0000000e+00   0.0000000e+00   0.0000000e+00   0.0000000e+00   0.0000000e+00   0.0000000e+00   0.0000000e+00   4.2313504e+02
   1.4100000e+00   0.0000000e+00   0.0000000e+00   0.0000000e+00   0.0000000e+00   0.0000000e+00   0.0000000e+00   0.0000000e+00   0.0000000e+00   0.0000000e+00   4.2923107e+02
   1.4200000e+00   0.0000000e+00   0.0000000e+00   0.0000000e+00   0.0000000e+00   0.0000000e+00   0.0000000e+00   0.0000000e+00   0.0000000e+00   0.0000000e+00   4.3880095e+02
   1.4300000e+00   0.0000000e+00   0.0000000e+00   0.0000000e+00   0.0000000e+00   0.0000000e+00   0.0000000e+00   0.0000000e+00   0.0000000e+00   0.0000000e+00   4.4960930e+02
   1.4400000e+00   0.0000000e+00   0.0000000e+00   0.0000000e+00   0.0000000e+00   0.0000000e+00   0.0000000e+00   0.0000000e+00   0.0000000e+00   0.0000000e+00   4.5942077e+02
   1.4500000e+00   0.0000000e+00   0.0000000e+00   0.0000000e+00   0.0000000e+00   0.0000000e+00   0.0000000e+00   0.0000000e+00   0.0000000e+00   0.0000000e+00   4.6600000e+02
   1.4600000e+00   0.0000000e+00   0.0000000e+00   0.0000000e+00   0.0000000e+00   0.0000000e+00   0.0000000e+00   0.0000000e+00   0.0000000e+00   0.0000000e+00   4.6757839e+02
   1.4700000e+00   0.0000000e+00   0.0000000e+00   0.0000000e+00   0.0000000e+00   0.0000000e+00   0.0000000e+00   0.0000000e+00   0.0000000e+00   0.0000000e+00   4.6425439e+02
   1.4800000e+00   0.0000000e+00   0.0000000e+00   0.0000000e+00   0.0000000e+00   0.0000000e+00   0.0000000e+00   0.0000000e+00   0.0000000e+00   0.0000000e+00   4.5659319e+02
   1.4900000e+00   0.0000000e+00   0.0000000e+00   0.0000000e+00   0.0000000e+00   0.0000000e+00   0.0000000e+00   0.0000000e+00   0.0000000e+00   0.0000000e+00   4.4515999e+02
   1.5000000e+00   0.0000000e+00   0.0000000e+00   0.0000000e+00   0.0000000e+00   0.0000000e+00   0.0000000e+00   0.0000000e+00   0.0000000e+00   0.0000000e+00   4.3051999e+02
   1.5100000e+00   0.0000000e+00   0.0000000e+00   0.0000000e+00   0.0000000e+00   0.0000000e+00   0.0000000e+00   0.0000000e+00   0.0000000e+00   0.0000000e+00   4.1323839e+02
   1.5200000e+00   0.0000000e+00   0.0000000e+00   0.0000000e+00   0.0000000e+00   0.0000000e+00   0.0000000e+00   0.0000000e+00   0.0000000e+00   0.0000000e+00   3.9388039e+02
   1.5300000e+00   0.0000000e+00   0.0000000e+00   0.0000000e+00   0.0000000e+00   0.0000000e+00   0.0000000e+00   0.0000000e+00   0.0000000e+00   0.0000000e+00   3.7301120e+02
   1.5400000e+00   0.0000000e+00   0.0000000e+00   0.0000000e+00   0.0000000e+00   0.0000000e+00   0.0000000e+00   0.0000000e+00   0.0000000e+00   0.0000000e+00   3.5119600e+02
   1.5500000e+00   0.0000000e+00   0.0000000e+00   0.0000000e+00   0.0000000e+00   0.0000000e+00   0.0000000e+00   0.0000000e+00   0.0000000e+00   0.0000000e+00   3.2900000e+02
   1.5600000e+00   0.0000000e+00   0.0000000e+00   0.0000000e+00   0.0000000e+00   0.0000000e+00   0.0000000e+00   0.0000000e+00   0.0000000e+00   0.0000000e+00   3.0690396e+02
   1.5700000e+00   0.0000000e+00   0.0000000e+00   0.0000000e+00   0.0000000e+00   0.0000000e+00   0.0000000e+00   0.0000000e+00   0.0000000e+00   0.0000000e+00   2.8505088e+02
   1.5800000e+00   0.0000000e+00   0.0000000e+00   0.0000000e+00   0.0000000e+00   0.0000000e+00   0.0000000e+00   0.0000000e+00   0.0000000e+00   0.0000000e+00   2.6349932e+02
   1.5900000e+00   0.0000000e+00   0.0000000e+00   0.0000000e+00   0.0000000e+00   0.0000000e+00   0.0000000e+00   0.0000000e+00   0.0000000e+00   0.0000000e+00   2.4230784e+02
   1.6000000e+00   0.0000000e+00   0.0000000e+00   0.0000000e+00   0.0000000e+00   0.0000000e+00   0.0000000e+00   0.0000000e+00   0.0000000e+00   0.0000000e+00   2.2153500e+02
   1.6100000e+00   0.0000000e+00   0.0000000e+00   0.0000000e+00   0.0000000e+00   0.0000000e+00   0.0000000e+00   0.0000000e+00   0.0000000e+00   0.0000000e+00   2.0123936e+02
   1.6200000e+00   0.0000000e+00   0.0000000e+00   0.0000000e+00   0.0000000e+00   0.0000000e+00   0.0000000e+00   0.0000000e+00   0.0000000e+00   0.0000000e+00   1.8147948e+02
   1.6300000e+00   0.0000000e+00   0.0000000e+00   0.0000000e+00   0.0000000e+00   0.0000000e+00   0.0000000e+00   0.0000000e+00   0.0000000e+00   0.0000000e+00   1.6231392e+02
   1.6400000e+00   0.0000000e+00   0.0000000e+00   0.0000000e+00   0.0000000e+00   0.0000000e+00   0.0000000e+00   0.0000000e+00   0.0000000e+00   0.0000000e+00   1.4380124e+02
   1.6500000e+00   0.0000000e+00   0.0000000e+00   0.0000000e+00   0.0000000e+00   0.0000000e+00   0.0000000e+00   0.0000000e+00   0.0000000e+00   0.0000000e+00   1.2600000e+02
   1.6600000e+00   0.0000000e+00   0.0000000e+00   0.0000000e+00   0.0000000e+00   0.0000000e+00   0.0000000e+00   0.0000000e+00   0.0000000e+00   0.0000000e+00   1.0896876e+02
   1.6700000e+00   0.0000000e+00   0.0000000e+00   0.0000000e+00   0.0000000e+00   0.0000000e+00   0.0000000e+00   0.0000000e+00   0.0000000e+00   0.0000000e+00   9.2766074e+01
   1.6800000e+00   0.0000000e+00   0.0000000e+00   0.0000000e+00   0.0000000e+00   0.0000000e+00   0.0000000e+00   0.0000000e+00   0.0000000e+00   0.0000000e+00   7.7450489e+01
   1.6900000e+00   0.0000000e+00   0.0000000e+00   0.0000000e+00   0.0000000e+00   0.0000000e+00   0.0000000e+00   0.0000000e+00   0.0000000e+00   0.0000000e+00   6.3080444e+01
   1.7000000e+00   0.0000000e+00   0.0000000e+00   0.0000000e+00   0.0000000e+00   0.0000000e+00   0.0000000e+00   0.0000000e+00   0.0000000e+00   0.0000000e+00   4.9713735e+01
   1.7100000e+00   0.0000000e+00   0.0000000e+00   0.0000000e+00   0.0000000e+00   0.0000000e+00   0.0000000e+00   0.0000000e+00   0.0000000e+00   0.0000000e+00   3.7404280e+01
   1.7200000e+00   0.0000000e+00   0.0000000e+00   0.0000000e+00   0.0000000e+00   0.0000000e+00   0.0000000e+00   0.0000000e+00   0.0000000e+00   0.0000000e+00   2.6184902e+01
   1.7300000e+00   0.0000000e+00   0.0000000e+00   0.0000000e+00   0.0000000e+00   0.0000000e+00   0.0000000e+00   0.0000000e+00   0.0000000e+00   0.0000000e+00   1.5996975e+01
   1.7400000e+00   0.0000000e+00   0.0000000e+00   0.0000000e+00   0.0000000e+00   0.0000000e+00   0.0000000e+00   0.0000000e+00   0.0000000e+00   0.0000000e+00   6.6633436e+00
   1.7500000e+00   0.0000000e+00   0.0000000e+00   0.0000000e+00   0.0000000e+00   0.0000000e+00   0.0000000e+00   0.0000000e+00   0.0000000e+00   0.0000000e+00   0.0000000e+00
